.Random.seed <-
c(403L, 1L, 1323266781L, 1432877527L, -890555202L, 2125385464L, 
135961819L, 128032569L, 1307703944L, -1648353738L, 1044786801L, 
-1135367005L, 1922459122L, -390978236L, 1408140807L, 1961829341L, 
-1094824748L, 2135520250L, -1280187579L, 2023708575L, -254976730L, 
-1277811280L, 91127379L, 1101814129L, -1419161440L, 818675774L, 
-1382316215L, -1793282565L, -466562614L, -1838948564L, -1404698833L, 
851840485L, 514584732L, -598207246L, 900451693L, -1124050265L, 
-2013252402L, -1874830808L, -593597909L, 948568137L, -401325736L, 
-1542703098L, 1250265569L, 749286259L, 1874372578L, 1299263316L, 
1952211543L, -459730355L, -2074110492L, 1278341066L, 2145260085L, 
-1479403377L, 1124247958L, -75999936L, -1076598781L, 1422400033L, 
1831763216L, -318131474L, -59855207L, -319353045L, 1115834906L, 
990681308L, -92220193L, 2101654197L, 1535362124L, 731216034L, 
-1869096963L, 1103717623L, -371117538L, -850047784L, 223735867L, 
-316818983L, 666320744L, -476237162L, -1046897647L, -260149821L, 
1244369362L, -971745180L, -726222937L, -900343555L, -1625363212L, 
-1083110438L, 382394149L, 528492095L, -1301303866L, 911673936L, 
619251315L, -335574383L, -704195904L, -2026687330L, -342869911L, 
-1765944165L, 476679594L, -1993876020L, -1752215409L, -1026567995L, 
-1487257476L, 978902226L, -248531891L, 686195975L, -429283090L, 
-1959794232L, -1036587317L, -1621172439L, -934779016L, 1795177638L, 
447590081L, -604305581L, -970136574L, -130440908L, -710268233L, 
289478317L, 1752283076L, 484851690L, 1381130325L, 486972911L, 
-447183370L, 1986290464L, 1363328227L, -1011369599L, 263335920L, 
-1290776946L, 1117803001L, -503555189L, 277624762L, 1058363068L, 
878792191L, -1924617387L, -897434516L, 1007270082L, 2006936349L, 
-1059298921L, -2138818306L, 1871129272L, 1008719003L, -30387463L, 
275911752L, 2000107382L, -1510575439L, 1893466851L, 280879538L, 
103559684L, -1410692793L, 759075869L, 2138172052L, -219938246L, 
-168784763L, 396202335L, 605618662L, 912797808L, 1238496147L, 
-616999887L, -4605216L, 1319320446L, 84390409L, 471259707L, -1269627894L, 
-1858323476L, 169414767L, -945295451L, 836056924L, -1054123214L, 
-1100824019L, 88887527L, 1752277518L, -683655192L, -1999937045L, 
-731360631L, -70866408L, -2068053690L, 2139189153L, 1452630579L, 
872734626L, -840361324L, 1530671383L, -2054451443L, -974584284L, 
2158090L, -1730857099L, 1858118351L, 1728640470L, -766535296L, 
631296451L, 2025531233L, 1810546128L, 1050627374L, -1126081319L, 
-1265199381L, 930141018L, 703530268L, 2137019423L, 1505597557L, 
-478501620L, 1932413154L, 378126781L, -721959369L, -745972514L, 
-644110312L, -1110001797L, -1705502951L, -1681880152L, 1403853654L, 
98247633L, -1455585405L, 727699986L, 2005427620L, 988479847L, 
1845546685L, 1752602164L, 801353114L, 921737701L, -1403656833L, 
1286540550L, -1043564912L, -565805261L, -799884079L, 652281472L, 
-1556746402L, -1281782615L, 1691983707L, -1244981910L, -773621748L, 
203001935L, -85251835L, -222641732L, 2048803986L, 476372877L, 
1215064007L, 187301038L, -309342828L, 1434606034L, 317055328L, 
888126284L, -301250272L, 826066818L, -960117016L, -1482559252L, 
-1893087172L, -1930694798L, -1991360912L, -2144363484L, -923703496L, 
425350298L, 1863377616L, 1144662204L, 2029123220L, 1090731650L, 
360073408L, -1817272516L, -1059802992L, 1222555170L, 618806280L, 
1720524044L, 1229118620L, -1072721390L, 665478016L, -507447788L, 
2126157352L, 933756218L, -1104448048L, -301535124L, -1600887500L, 
-1847352686L, 794163040L, -211554484L, 748982240L, 1480502178L, 
2018470824L, -1258661492L, -1438178116L, 192082290L, -479891216L, 
881205316L, -1459745448L, -1281736134L, 1952669552L, 1874242620L, 
-211006700L, -1453337150L, -1303554336L, -1799900292L, 1488237264L, 
633607330L, -2050914264L, -676427508L, 347173820L, -1528543950L, 
-406560320L, 416969268L, 610764744L, 272082106L, -774039152L, 
1733591532L, 64290388L, 1862405266L, 1165835040L, -499154484L, 
-1504084512L, -325112126L, -1863987160L, -1220272468L, 1039167676L, 
-849005070L, -105759440L, -688626524L, 1859674808L, -71362214L, 
1617940880L, -164262020L, -461190892L, 229535554L, 422457088L, 
404153276L, -1334510768L, -1468117214L, 1688601928L, -1388149236L, 
121102428L, -1744258862L, -277785088L, -1187554988L, 1443497448L, 
-959708166L, 1113304272L, 1409071404L, 2146866932L, 557938066L, 
204021856L, -13806324L, 1572160224L, -1249000094L, 216795816L, 
213283404L, -1639182980L, -2030567118L, 1979997296L, -1342381244L, 
57113048L, 16178298L, -517448144L, 1462837948L, -1907422380L, 
1469005890L, 839219616L, 1843308220L, -25221680L, -2045268638L, 
-1583751192L, -2124623924L, -256034052L, -646316558L, -76024704L, 
1655611636L, -64740728L, -1574403270L, 1777831760L, 1329304172L, 
-1735206764L, -2040925870L, 1268737760L, 72396492L, -1261072224L, 
-364746878L, -1461864728L, 906952428L, 1222869052L, 180538994L, 
-1372881808L, 1765675556L, 262627384L, 42530842L, -2098297136L, 
-762377156L, 529446036L, 338761858L, -1021956160L, 1481525564L, 
-1298481520L, -116676574L, 318953480L, 2051054732L, -842415076L, 
1192829586L, 1497890944L, -1183251436L, -793087704L, -1133249990L, 
-1420761904L, -1464066964L, 592158388L, 1899763730L, -873803808L, 
-1869276212L, 761533920L, -935085534L, 275440936L, -340550388L, 
-265275844L, 1517275378L, -1490295056L, -1596207292L, -1638644136L, 
-289854918L, 1405660912L, 1376565436L, 625158676L, 1633873090L, 
-285447072L, -1019306628L, -2062178096L, 1388141602L, -1001122136L, 
1417440140L, 1654113724L, -445189070L, -151695552L, 1761043636L, 
-1723113656L, 1108738746L, 1080323856L, 298972396L, -253412268L, 
-1132208366L, 702934944L, -142855220L, 1256950624L, -1617681214L, 
1976213032L, 122609068L, -1901552836L, -1122031758L, -1332773072L, 
1763378724L, -126378952L, 1735964890L, -1734398576L, 1837456124L, 
-885890156L, -1440559294L, -244754944L, -1505092036L, 1708147280L, 
-2085343582L, -2005947576L, -2117922292L, 1835612380L, 442202706L, 
901281920L, -566090924L, -2078229016L, -572940550L, 88488784L, 
831114284L, -2040247948L, 1978754706L, -1023332768L, -797628912L, 
-941447751L, 1778054763L, -285537956L, -2107047798L, -1171724161L, 
-1830327863L, 1868737118L, -894041844L, 1924715741L, -1130503705L, 
633117200L, -283666642L, -1637368869L, 1764228285L, -1205240278L, 
1889751752L, -655767567L, 703138147L, 1775892836L, -1054892910L, 
-1121562265L, 744571697L, -1031903114L, 940503444L, 475420069L, 
2065632943L, 1506449256L, 1529887558L, -421119245L, -1428392875L, 
560642098L, -1485867520L, 1071060713L, 614819163L, 858146732L, 
697543610L, -1620265617L, 801750777L, 1760298894L, -259841444L, 
-129457971L, -487223241L, -793015616L, -1194963554L, 1938366059L, 
109934061L, -37682086L, -223481064L, 1188272257L, -1800282573L, 
1581270100L, 448725090L, -1829796105L, -659572415L, 1435426758L, 
1832232196L, 1494465717L, -2017731681L, -1127427080L, 761441750L, 
-1352969117L, -1001193435L, -309200958L, 369159344L, -458880807L, 
728866379L, 1388762300L, -1554568470L, 677817119L, -29441111L, 
379684158L, 832334892L, 419146365L, -1706474297L, 1081467312L, 
1891535822L, 1494112507L, 382181213L, 816430218L, -1287820632L, 
-1222347247L, 1659127555L, -780262908L, -1005557198L, 272276103L, 
1416167121L, 1616185430L, 1988147252L, 917969733L, -1817392753L, 
1042145544L, 1916336934L, 223359955L, 775284021L, -50150254L, 
428309600L, -989881911L, 823554299L, 1967361740L, 2049352538L, 
957957711L, 1011311385L, -1024697042L, -515373252L, 720487597L, 
1281095511L, 1937791648L, 150574078L, -743111989L, -530983731L, 
-121522182L, -898143176L, -347030047L, 1003595411L, -114735948L, 
-1040257598L, 1698119127L, -576191967L, 1101967846L, -1443723036L, 
1116051477L, -647174081L, -145971240L, -2023486986L, 456526339L, 
626269509L, -1454429854L, -1236122928L, 218480121L, 818672939L, 
-1084311908L, -895068982L, 459111871L, -782343927L, -1217592802L, 
1142181836L, -734343779L, -1507719129L, -1360578992L, 682304238L, 
-57922661L, -876914179L, 2126626026L, 680966024L, -1807269583L, 
